100
100
0 
52 0 
25 90 0 
4 91 18 0 
69 86 57 97 0 
91 14 35 16 79 0 
70 34 95 49 66 99 0 
38 79 74 40 68 100 99 0 
13 8 11 88 15 16 5 95 0 
45 61 97 28 57 68 73 27 46 0 
53 28 43 98 19 72 76 22 80 49 0 
13 13 84 9 14 51 79 7 26 34 2 0 
98 66 48 20 18 5 90 95 93 83 61 94 0 
92 72 65 45 81 25 20 83 54 21 54 90 71 0 
1 4 69 94 54 29 72 64 100 48 98 39 62 4 0 
99 27 20 86 25 3 95 49 14 85 71 50 8 91 33 0 
18 89 11 20 60 58 67 63 6 57 10 12 73 53 27 87 0 
39 46 36 69 80 24 57 23 6 89 24 78 82 52 93 74 91 0 
99 42 33 27 46 9 15 84 23 70 80 56 45 52 85 33 42 8 0 
83 94 73 68 37 58 17 68 37 81 94 54 31 2 13 77 30 9 45 0 
70 4 1 41 4 17 46 62 88 97 26 63 21 32 74 26 25 53 49 6 0 
51 83 97 27 30 77 10 48 67 12 89 78 90 81 46 54 89 9 95 91 39 0
34 75 100 67 68 18 67 42 66 39 56 16 22 51 45 100 38 93 59 72 18 61 0
5 30 83 84 54 52 35 74 86 6 33 22 20 72 45 88 85 1 51 19 35 70 74 0
74 89 60 90 38 56 8 21 67 61 54 86 60 92 93 53 40 82 51 33 27 85 6 86 0 
8 70 44 20 35 70 19 93 51 96 29 6 26 1 30 64 33 26 40 27 56 79 23 40 40 0
3 17 100 84 61 20 6 100 26 26 5 37 40 15 53 79 65 51 83 10 80 26 35 54 86 43 0 
78 36 24 57 9 54 48 5 86 34 41 11 71 62 99 42 28 93 49 2 100 93 10 84 96 20 12 0 
53 52 92 6 72 57 31 81 70 49 35 99 53 85 50 36 87 63 77 43 65 27 80 58 50 22 66 62 0 
91 89 5 90 83 63 43 30 55 2 12 72 36 12 83 96 82 52 16 37 68 47 39 82 77 74 94 55 43 0
7 70 16 58 61 41 61 27 14 63 14 85 41 82 28 20 64 36 23 48 98 68 81 89 41 38 1 81 85 82 0
14 2 88 32 98 40 85 28 10 94 61 96 59 99 48 24 63 10 37 78 63 79 53 26 94 42 99 30 60 33 64 0 
70 92 73 42 94 10 12 55 9 72 33 17 8 54 90 56 82 91 74 91 80 25 19 39 4 54 8 88 3 74 92 18 0 
77 73 49 68 25 3 71 75 8 5 53 42 50 32 14 64 82 83 89 18 11 29 27 67 4 79 61 51 34 16 9 43 33 0 
18 26 98 65 49 63 35 10 20 59 81 72 82 98 75 47 27 79 68 8 83 82 29 2 81 82 55 69 41 75 75 93 87 56 0 
63 42 80 62 34 30 49 64 48 90 41 30 100 81 28 81 22 76 89 6 98 70 66 39 90 72 93 70 30 86 88 21 83 7 18 0 
46 90 29 10 17 22 61 50 35 92 52 40 51 64 15 31 80 52 60 69 61 93 54 83 38 16 36 96 90 39 28 47 75 88 80 2 0 
49 22 68 16 29 82 4 50 14 93 63 6 50 100 66 94 76 25 57 74 5 57 59 44 22 21 26 59 87 15 80 88 59 90 17 29 41 0 
30 33 46 80 94 60 34 55 53 56 76 46 68 72 78 17 29 61 22 39 88 1 37 25 54 76 63 74 92 61 39 37 58 52 58 26 4 53 0 
24 89 88 71 57 14 64 79 11 78 82 36 13 77 19 81 76 74 89 46 39 51 4 77 42 69 45 54 6 8 49 96 51 59 77 61 26 63 35 0 
54 21 86 68 65 72 8 72 14 71 32 39 60 75 81 86 24 76 58 84 97 80 86 3 36 65 86 48 96 44 32 28 28 9 6 40 86 25 45 70 0 
85 41 15 63 55 66 8 95 96 92 15 33 90 99 96 88 95 38 11 18 16 65 59 67 62 78 78 5 61 65 38 37 34 62 65 75 54 31 31 19 67 0 
89 42 76 98 55 23 63 51 30 49 52 4 92 33 66 68 76 57 22 15 69 62 4 84 51 94 26 78 34 54 46 17 4 28 3 8 46 23 87 83 60 67 0 
98 38 72 34 35 73 60 32 41 63 99 82 8 100 60 7 83 65 62 67 41 71 16 59 41 31 71 53 67 69 6 81 69 61 54 71 66 38 54 78 92 4 23 0 
15 100 38 65 21 29 61 22 45 3 74 20 33 76 61 57 14 71 95 96 2 78 66 48 57 5 61 89 73 68 43 71 60 80 89 34 94 92 17 80 89 4 49 91 0 
16 81 1 65 98 21 89 24 49 38 61 2 78 51 2 58 57 65 29 81 97 29 10 54 61 3 96 62 12 60 79 74 5 73 79 39 30 76 25 14 26 71 33 11 87 0 
5 52 100 49 12 26 62 81 26 5 77 63 28 89 97 63 21 53 40 43 25 40 3 79 71 50 4 80 50 77 7 43 51 10 38 30 57 5 29 5 1 78 77 35 89 50 0 
35 85 76 45 84 53 5 1 48 26 1 72 49 75 40 90 30 46 98 53 61 43 21 16 42 10 91 82 56 82 63 63 48 56 71 58 88 41 84 79 17 49 46 44 76 12 36 0 
56 2 86 74 43 3 85 59 36 17 66 13 88 33 83 64 9 11 83 48 57 43 93 5 98 63 40 84 65 98 44 10 14 76 62 59 96 39 87 55 68 47 73 88 26 52 53 79 0 
50 36 76 96 49 7 50 91 70 24 93 47 59 34 70 59 77 31 13 38 95 2 18 43 54 77 46 49 15 86 100 28 3 79 75 59 61 31 35 8 34 28 87 70 33 92 93 63 88 0 
1 5 66 82 4 59 11 5 6 48 82 9 98 26 23 67 2 35 60 81 80 35 11 49 25 54 9 58 1 80 61 41 63 62 92 1 87 81 59 26 38 88 6 38 97 26 65 47 71 70 0 
81 41 50 60 6 78 25 62 38 18 86 14 75 19 80 66 60 20 23 4 52 79 43 19 55 60 93 91 4 16 83 24 75 18 50 78 55 36 41 54 85 79 1 98 2 20 32 75 90 14 6 0 
67 8 22 49 46 81 18 66 27 56 57 8 5 44 96 8 41 61 98 35 11 78 16 33 8 46 64 18 45 89 80 2 59 70 45 64 57 66 13 43 33 4 73 87 49 69 64 12 100 23 47 6 0 
40 41 73 94 2 22 39 98 40 63 6 20 40 62 5 67 55 16 12 40 29 20 4 14 89 29 19 63 34 81 61 69 94 69 2 63 66 67 9 29 68 59 13 30 21 94 43 69 73 38 17 85 40 0 
38 31 12 5 11 10 73 23 66 15 56 38 53 75 12 99 42 52 47 97 65 97 30 10 44 34 7 68 68 35 91 62 96 38 76 36 27 53 75 29 15 88 32 61 78 8 1 54 30 79 67 11 30 38 0 
60 69 93 49 64 55 81 36 43 22 55 62 50 75 26 70 40 62 43 27 38 39 100 92 79 19 28 61 43 87 66 59 24 94 37 31 66 98 84 93 17 70 74 70 81 63 94 82 66 47 42 41 79 64 97 0 
46 30 17 58 34 23 61 64 83 35 14 24 58 44 48 20 19 71 98 93 31 20 16 19 86 74 96 85 13 11 89 22 54 35 44 37 66 50 54 26 92 5 28 8 95 66 39 61 33 6 35 43 12 70 34 87 0 
16 15 70 22 40 73 75 56 5 61 46 72 72 20 20 3 48 16 5 93 92 34 95 78 81 21 54 17 3 9 1 85 54 44 54 56 93 28 76 85 63 22 88 3 15 90 58 38 7 67 8 47 37 40 33 13 33 0 
14 19 36 90 98 58 98 50 71 4 41 24 94 78 67 79 51 25 81 97 46 36 68 77 21 91 41 93 48 74 85 71 47 57 86 62 52 92 30 50 80 89 8 4 29 96 96 57 39 58 1 81 79 75 38 25 52 26 0 
54 39 46 39 82 23 1 22 74 8 81 28 59 49 75 4 66 77 90 71 2 93 51 86 82 95 91 73 74 64 1 79 19 5 60 62 100 6 35 97 91 56 61 82 46 82 36 100 2 85 49 29 7 70 58 87 14 77 91 0 
75 41 69 21 47 41 73 71 84 59 28 3 35 18 32 30 53 24 77 65 24 90 50 68 100 48 81 36 1 45 45 83 90 36 90 67 58 22 93 66 55 68 38 24 81 18 69 40 49 12 42 33 76 60 71 38 1 35 51 52 0 
50 42 48 41 79 42 85 21 59 15 87 32 4 80 29 24 67 63 89 2 56 55 11 22 43 23 77 80 46 81 94 92 13 6 23 11 92 89 68 87 90 59 5 51 98 60 42 33 30 49 42 94 31 97 31 15 17 60 57 66 34 0 
22 53 91 81 95 66 4 31 47 86 8 54 61 76 33 97 91 29 83 87 28 53 95 16 88 5 50 24 45 77 48 14 100 6 29 88 22 65 86 68 34 55 38 49 46 17 22 45 31 91 81 82 42 80 1 91 73 58 52 24 47 81 0 
24 10 83 2 82 97 97 2 26 10 58 36 14 82 27 71 50 70 14 34 28 38 8 100 33 81 81 79 11 39 28 71 40 33 25 18 81 81 92 66 60 70 6 97 91 82 67 83 22 77 4 64 38 23 21 86 52 29 28 20 70 100 66 0 
16 10 56 66 32 76 37 51 69 47 70 70 58 45 78 70 5 10 11 7 72 67 88 21 42 49 25 59 97 31 100 54 93 22 93 31 5 56 2 84 24 89 4 77 95 80 29 48 1 66 6 13 71 31 10 39 64 69 51 48 96 84 83 39 0 
2 45 52 75 2 69 56 40 88 81 69 54 79 49 99 100 30 99 40 25 10 96 19 3 53 70 74 87 80 40 93 83 9 65 70 77 44 57 67 92 56 32 11 64 14 45 59 7 39 15 52 99 19 60 61 45 77 37 31 65 83 42 74 48 92 0 
82 22 99 89 80 8 66 79 84 95 38 6 45 13 34 46 18 9 75 73 19 73 67 65 87 82 82 62 87 58 68 54 89 37 5 36 15 79 88 78 61 71 69 32 13 66 37 90 31 30 94 49 86 21 39 50 99 15 38 90 17 71 22 93 28 78 0 
95 25 98 85 12 43 79 9 67 97 60 17 7 100 19 15 78 40 27 75 83 62 13 69 62 40 72 38 84 35 95 10 21 51 30 12 81 35 95 71 38 51 61 14 3 91 17 9 13 78 64 3 16 12 58 89 34 1 4 95 75 67 55 54 55 25 39 0 
5 26 63 33 87 92 90 93 95 87 96 45 86 77 81 41 61 3 92 87 57 58 22 95 24 99 53 28 14 34 63 37 20 29 13 77 92 41 93 34 45 14 79 35 65 34 3 16 43 40 45 99 82 57 94 23 89 59 55 54 79 48 27 23 5 81 78 12 0 
77 21 55 96 45 23 16 92 25 18 87 27 85 61 15 58 19 59 21 43 63 65 40 68 58 12 54 37 73 100 89 40 32 93 99 86 41 66 96 12 9 1 96 60 12 56 71 61 59 51 5 64 7 78 60 35 77 98 26 27 41 51 27 38 19 50 92 89 20 0 
74 28 68 27 26 40 58 58 40 42 92 65 7 37 68 14 19 30 6 99 94 19 12 78 9 23 57 55 59 2 72 51 26 30 69 43 89 68 3 82 95 68 47 88 45 65 74 35 67 14 89 28 62 55 58 29 31 17 82 49 29 80 7 27 40 84 89 33 54 71 0 
67 38 46 22 70 84 9 8 36 67 49 91 64 85 71 82 93 19 96 15 62 79 24 36 60 70 25 92 72 7 73 55 82 90 80 32 99 95 52 98 21 77 68 94 54 61 19 48 90 58 91 24 100 44 17 50 55 81 21 52 45 13 35 70 11 82 26 19 56 30 39 0 
43 77 88 54 84 34 73 43 62 10 25 98 86 96 46 73 69 81 84 48 14 94 1 60 24 78 41 45 22 46 9 3 14 36 57 61 19 26 89 66 87 100 74 74 53 23 49 70 10 43 94 21 80 65 20 51 50 41 11 29 16 4 99 59 24 12 34 34 56 33 97 37 0 
92 90 49 45 17 2 6 6 34 59 55 52 66 100 92 71 91 28 6 11 32 46 8 53 45 99 61 46 80 93 63 53 47 1 27 57 40 73 45 99 99 9 90 22 31 34 67 53 38 79 97 11 38 1 53 93 94 10 84 4 42 90 47 9 61 53 72 30 45 59 34 43 91 0 
91 56 31 56 4 98 69 55 83 67 33 3 17 74 17 11 92 26 8 30 25 79 58 23 79 61 91 41 61 24 20 25 77 58 79 27 97 35 44 100 40 42 57 79 38 26 50 11 15 79 21 81 50 9 30 94 8 90 37 2 60 83 79 46 68 18 78 10 17 99 50 80 47 64 0 
31 46 6 49 40 100 3 86 94 83 42 48 44 31 99 81 51 40 94 55 17 21 100 78 17 45 94 76 99 90 63 19 55 28 20 78 85 47 44 29 96 57 77 45 37 97 15 28 82 57 90 19 46 61 28 24 73 11 84 86 76 16 31 31 25 52 13 15 33 83 18 29 69 91 66 0 
77 81 91 33 17 29 1 3 94 46 32 36 25 31 14 81 62 92 47 58 95 18 14 18 69 33 81 31 21 71 63 56 5 86 34 10 44 46 84 8 67 17 66 51 10 97 48 4 38 11 11 46 97 58 38 86 51 7 52 12 72 90 55 22 98 44 30 32 31 47 37 51 30 92 66 44 0 
62 14 4 33 70 5 14 22 85 66 33 80 57 66 63 28 51 55 99 61 53 11 24 92 81 61 20 12 94 2 61 93 80 59 37 29 25 31 73 62 56 48 47 10 74 13 96 16 22 47 12 97 39 81 13 95 86 45 49 83 95 48 100 13 64 71 35 79 64 59 1 73 66 5 10 20 19 0 
12 89 61 92 23 96 29 98 62 72 16 34 85 98 31 94 52 65 77 34 98 61 28 10 49 43 35 39 27 59 64 92 27 8 30 59 97 12 3 59 79 41 92 93 20 83 24 92 90 33 61 47 17 18 15 90 18 77 55 26 80 45 59 46 69 32 8 100 20 95 93 55 16 40 17 29 56 32 0 
22 6 25 11 54 13 3 50 94 77 71 25 63 85 69 69 64 78 51 12 53 19 37 4 43 49 58 55 80 29 19 29 45 83 63 72 22 57 60 70 97 56 24 39 88 35 72 37 76 93 47 69 89 99 16 67 57 77 13 43 15 39 25 73 89 10 90 76 79 77 70 65 93 73 24 40 52 5 8 0 
64 23 12 24 87 85 34 10 66 74 35 18 26 43 48 72 46 56 79 79 48 94 62 95 17 30 72 19 25 58 80 77 7 72 95 23 27 2 4 9 90 89 83 77 54 81 46 67 55 29 55 49 26 21 87 73 100 52 35 7 15 50 46 95 68 85 100 9 82 7 47 77 36 72 11 14 19 71 46 16 0 
69 1 25 28 92 33 76 95 55 77 64 98 59 53 35 6 83 24 28 26 44 11 100 51 15 62 16 31 54 23 37 72 70 57 53 59 93 77 30 41 80 31 62 23 44 63 89 90 19 11 65 10 75 96 21 54 37 87 50 59 10 15 48 58 72 26 86 67 27 1 61 6 83 42 96 47 72 47 10 11 65 0 
18 45 26 64 45 6 48 22 83 27 91 40 40 55 70 91 86 9 55 11 25 97 19 20 88 55 26 70 74 55 80 81 4 12 68 18 74 61 57 42 63 26 43 100 95 28 93 60 61 44 6 33 85 76 90 75 91 66 64 8 61 89 25 45 42 82 8 20 80 60 75 87 35 77 26 94 79 38 42 28 77 2 0 
51 3 39 25 40 32 49 68 12 48 64 2 1 30 11 82 24 35 85 48 4 54 57 43 16 40 12 93 65 76 18 44 57 59 52 39 92 64 15 73 38 9 8 48 41 6 36 12 65 36 16 23 5 11 42 96 33 80 41 39 95 94 86 33 64 13 73 9 24 85 56 31 8 34 49 33 50 57 62 51 42 61 20 0 
32 30 27 6 19 64 52 32 2 15 68 51 20 64 9 31 67 53 30 22 25 94 100 32 26 24 26 56 84 75 66 81 83 83 93 65 13 21 76 46 27 100 58 35 87 96 33 97 76 8 8 94 15 21 74 18 52 15 41 60 87 70 98 48 57 74 79 19 47 97 19 71 30 1 52 23 67 54 33 70 71 59 74 8 0 
49 58 29 51 86 59 53 4 10 99 63 93 80 34 44 10 1 58 57 3 14 50 1 44 2 28 76 64 69 94 12 72 41 79 42 20 33 63 42 6 100 97 98 17 41 12 87 78 81 16 54 63 36 64 80 49 54 42 41 77 16 22 85 88 23 19 28 13 65 75 91 55 69 91 22 46 5 31 70 55 46 26 87 85 28 0 
99 94 59 53 56 59 52 59 3 70 65 28 80 89 55 43 22 22 59 72 53 17 35 39 88 36 48 61 89 73 41 63 15 54 99 23 55 75 42 14 86 3 10 4 81 52 85 76 98 99 48 11 10 99 87 95 68 93 41 17 11 26 20 69 52 97 50 39 46 99 53 85 28 59 71 75 59 48 76 2 29 69 3 24 57 16 0 
23 11 83 19 38 96 89 52 8 35 67 38 56 3 50 81 79 8 59 45 19 59 44 36 60 86 83 75 44 92 47 99 22 61 28 70 40 37 76 83 37 71 9 62 88 81 24 71 39 70 81 2 11 71 16 24 87 95 62 44 40 86 32 1 6 52 29 69 75 86 7 49 85 82 54 59 77 9 68 42 80 63 65 14 79 86 22 0 
83 39 75 44 33 63 59 85 3 64 9 15 60 81 81 38 67 67 71 52 48 69 16 46 33 57 74 59 58 31 98 64 26 50 52 81 19 46 43 46 99 1 9 67 54 88 40 42 57 91 72 38 1 62 73 74 71 39 24 61 76 33 65 52 36 40 87 11 50 20 99 71 33 38 17 94 80 84 15 6 8 77 64 9 78 35 34 39 0 
3 82 40 72 73 11 18 6 55 25 99 63 87 85 41 49 3 3 8 19 16 65 53 74 76 82 74 24 90 51 57 91 49 48 1 27 60 1 20 32 99 15 83 2 95 33 82 13 94 99 48 90 47 70 1 46 76 5 99 53 74 15 30 73 42 57 44 35 53 34 19 12 100 69 37 2 31 62 70 89 67 78 74 87 60 24 89 10 
64 0 62 18 69 19 38 88 50 61 42 73 63 89 12 32 46 61 19 63 45 87 34 64 74 78 52 55 72 87 25 65 86 22 98 56 50 64 84 8 29 14 62 91 29 67 65 42 66 65 16 77 33 10 59 94 58 47 99 93 99 14 85 52 63 21 17 16 59 88 74 72 30 89 17 58 68 16 1 34 79 43 30 29 54 1 72 72 5 78 99 59 0 
37 59 89 26 54 44 10 12 93 65 34 9 16 84 32 98 9 10 28 30 89 59 6 98 31 93 90 65 54 32 11 36 60 60 11 37 91 89 66 61 76 17 45 31 79 32 36 32 38 37 6 82 39 96 20 14 60 49 82 96 51 72 41 76 53 17 19 68 55 22 98 17 15 49 4 89 11 69 54 64 27 90 64 57 77 83 82 12 75 40 62 0 
38 53 19 43 63 65 20 22 92 16 8 24 39 91 27 57 6 93 16 88 97 67 83 46 26 69 45 20 48 70 32 53 56 80 14 55 93 48 59 68 11 32 62 93 77 99 81 74 51 29 37 71 41 83 20 9 12 49 50 97 41 18 23 63 18 11 5 55 48 21 3 62 12 75 90 82 21 93 4 5 68 2 4 28 6 53 26 17 19 57 80 80 0 
5 22 10 36 51 58 42 88 21 3 90 99 70 48 25 55 40 94 38 92 45 8 82 87 11 12 13 84 43 42 42 67 87 81 99 27 82 36 24 14 56 12 86 69 46 72 33 96 72 62 19 45 92 90 53 46 24 17 75 86 100 58 50 63 68 64 27 28 8 3 62 59 24 25 82 86 47 20 23 60 81 92 67 89 36 25 10 57 90 82 71 10 67 0 
30 38 93 53 81 18 52 44 24 97 48 10 96 93 76 94 74 11 82 53 62 81 99 85 39 33 73 86 33 48 57 96 93 98 12 62 98 63 59 62 100 68 93 28 64 82 40 89 5 36 2 4 13 18 29 49 85 59 57 50 37 74 37 92 69 42 28 46 19 84 99 8 42 5 9 74 66 86 60 80 60 85 55 34 60 6 20 57 29 17 4 97 16 80 0 
2 43 1 41 3 49 35 11 3 67 38 37 27 62 92 1 30 73 46 91 39 6 3 87 32 62 92 91 89 28 26 94 81 96 79 36 57 90 1 80 61 92 88 95 4 16 100 95 33 59 4 86 29 53 50 91 80 27 46 38 67 3 76 21 82 53 21 32 71 96 37 60 6 80 53 99 81 40 50 83 77 38 98 74 65 98 80 100 19 13 11 30 3 7 85 0 
72 94 5 73 79 51 8 46 25 40 62 2 54 62 79 14 2 15 39 64 58 25 34 91 3 52 16 49 87 71 90 11 58 30 17 48 21 54 56 32 45 94 1 34 37 68 50 69 72 39 70 29 62 45 88 33 54 24 69 63 95 55 25 37 77 27 29 36 9 67 7 18 99 36 65 18 28 97 19 33 58 44 11 67 41 66 54 39 40 64 74 97 32 10 64 80 0 
34 45 29 60 63 48 7 52 78 37 56 55 65 44 43 59 83 24 56 64 36 87 91 29 94 64 38 31 84 10 31 41 6 68 37 48 73 55 59 18 74 38 65 53 87 73 58 82 66 79 26 66 76 57 24 34 17 61 33 14 72 89 71 70 18 36 92 31 43 25 24 89 29 79 61 22 68 69 18 35 88 37 33 29 29 26 8 91 23 66 70 38 74 33 40 57 91 0 
40 93 28 20 72 23 93 30 14 99 51 7 67 62 23 9 53 18 58 41 11 58 57 3 68 26 97 68 99 60 85 84 63 2 79 24 93 58 16 32 57 52 71 72 52 57 88 48 11 95 74 41 41 32 21 98 6 84 18 23 53 19 21 100 69 14 11 65 94 19 69 50 8 41 29 8 51 72 84 28 86 91 99 96 8 87 3 2 39 56 51 100 2 88 31 40 44 66 0 
78 74 7 50 25 6 60 47 31 29 20 65 94 47 48 20 90 97 94 66 95 22 12 90 53 12 18 70 38 37 61 42 32 74 4 45 14 6 57 8 17 23 25 70 93 96 11 68 22 35 20 77 74 99 39 39 58 82 58 58 80 52 41 34 27 52 31 39 21 20 90 62 80 69 95 59 73 71 53 4 64 74 57 9 72 5 36 37 76 31 96 20 94 11 46 92 92 52 82 0 

