20
30
0 
19 0 
23 26 0 
17 18 28 0 
3 30 9 5 0 
2 3 29 2 27 0 
9 11 23 13 17 14 0 
3 6 15 22 15 4 3 0 
26 24 11 25 29 26 14 28 0 
5 25 23 17 9 27 25 8 16 0 
4 23 17 27 1 20 19 4 18 11 0 
7 13 9 2 8 13 28 11 26 27 26 0 
13 6 23 10 23 24 23 13 3 17 28 22 0 
1 16 8 9 30 22 20 7 2 2 20 13 17 0 
11 1 16 26 15 22 21 29 2 30 25 10 20 24 0 
7 20 14 5 28 24 22 10 27 28 26 9 3 20 14 0 
30 3 3 22 25 17 12 19 15 30 29 7 13 19 8 21 0 
21 26 3 28 10 18 12 3 26 1 13 3 30 15 3 23 7 0 
8 22 5 24 3 15 7 25 8 26 28 3 29 13 3 14 27 8 0 
22 3 28 30 14 7 2 10 5 7 23 26 29 6 2 10 15 6 21 0 
