22
50
0 
17 0 
20 16 0 
40 16 16 0 
16 39 38 4 0 
45 25 27 28 15 0 
9 42 29 27 41 44 0 
42 19 24 23 49 30 7 0 
13 14 41 8 12 46 36 15 0 
40 26 3 37 39 42 4 27 48 0 
2 49 1 39 47 20 5 50 2 42 0 
37 40 33 47 24 13 12 8 28 18 22 0 
8 44 48 41 26 19 29 49 35 47 35 35 0 
21 20 47 18 20 18 27 14 7 44 4 28 13 0 
12 31 48 26 30 47 43 29 35 35 47 20 3 8 0 
37 11 13 47 30 34 11 18 46 26 23 47 48 30 2 0 
13 15 35 33 9 42 35 13 36 45 23 18 40 2 38 20 0 
25 39 22 13 13 9 8 14 11 44 46 17 47 11 5 1 27 0 
27 3 7 25 35 24 45 10 41 26 26 43 42 28 34 19 31 29 0 
42 29 5 13 36 9 22 23 46 10 1 17 15 24 24 14 31 18 32 0 
44 28 37 39 41 25 48 37 47 22 30 8 7 36 32 17 25 37 44 33 0 
45 6 34 15 8 16 2 20 48 43 33 12 15 23 3 28 21 35 17 5 44 0 
