23
100
0 
80 0 
67 63 0 
26 49 94 0 
11 40 94 18 0 
64 90 27 92 83 0 
52 88 62 20 63 68 0 
83 2 56 55 63 68 36 0 
24 63 31 55 39 51 34 93 0 
26 4 52 58 50 100 16 69 97 0 
9 87 60 15 26 36 31 45 37 35 0 
6 42 57 48 83 49 85 93 25 46 28 0 
30 70 49 53 43 26 46 94 27 8 37 51 0 
48 13 23 81 52 31 53 75 73 55 46 41 36 0 
77 53 5 17 31 59 55 51 22 90 37 11 57 47 0 
6 86 88 98 23 54 97 99 31 100 85 17 81 46 28 0 
68 64 12 74 19 9 18 35 79 48 35 30 38 39 41 41 0 
10 87 93 96 100 73 44 75 18 17 61 26 55 81 38 53 77 0 
5 61 42 11 14 46 50 45 48 2 11 3 31 58 91 21 84 48 0 
91 41 74 29 90 43 38 77 74 99 59 75 66 1 9 57 20 30 84 0 
5 95 96 26 54 35 42 9 67 51 82 85 49 91 67 40 94 27 90 35 0 
75 66 28 62 21 8 69 52 38 77 93 58 10 91 68 77 84 38 53 32 72 0 
46 70 68 41 47 81 57 10 16 43 38 65 54 46 12 37 29 62 75 67 74 76 0 
