25
100
0 
15 0 
77 18 0 
67 86 18 0 
53 7 28 58 0 
74 87 74 91 9 0 
77 33 73 5 26 35 0 
77 74 9 37 48 64 18 0 
22 86 99 73 74 82 33 62 0 
87 47 98 33 12 60 19 81 9 0 
86 50 53 69 43 50 78 50 57 77 0 
31 53 68 86 38 89 18 91 4 25 36 0 
65 100 83 59 73 89 37 91 47 96 17 49 0 
17 24 60 86 67 51 59 92 31 68 63 73 73 0 
51 29 55 65 29 83 87 97 84 73 34 85 42 36 0 
83 76 67 84 30 30 23 48 64 95 99 73 29 1 55 0 
98 97 85 11 9 59 28 7 77 75 46 20 31 55 20 2 0 
85 67 40 26 85 91 66 14 97 86 98 4 30 50 77 43 69 0 
16 13 14 35 18 55 46 99 45 46 27 45 97 68 36 25 16 57 0 
48 79 87 8 81 58 14 59 56 85 94 15 45 63 1 50 99 41 82 0 
56 31 44 78 70 64 81 3 70 88 42 30 63 99 88 87 76 42 13 79 0 
30 29 65 2 87 66 28 17 74 62 82 82 47 92 2 87 17 68 84 39 76 0 
74 81 10 42 18 100 73 92 75 76 15 60 42 99 22 96 66 95 84 37 89 87 0 
73 13 24 89 28 53 30 21 83 8 15 67 60 23 60 81 90 61 86 3 36 56 86 0 
45 27 92 8 72 38 68 94 6 7 9 69 74 11 96 47 67 96 95 88 8 23 31 91 0 
