30
100
0 
75 0 
24 89 0 
34 76 47 0 
78 66 39 16 0 
31 64 28 32 38 0 
27 9 88 8 85 24 0 
100 95 14 52 14 62 45 0 
51 95 45 78 40 55 70 7 0 
54 35 51 47 5 87 56 9 74 0 
62 47 74 79 30 60 8 52 23 12 0 
83 45 39 17 71 74 78 6 4 38 86 0 
76 40 45 12 65 76 1 61 42 55 74 83 0 
19 8 61 23 33 44 4 93 16 83 34 40 59 0 
80 80 85 20 1 39 1 68 17 75 66 31 3 1 0 
63 16 42 86 11 15 62 64 22 68 36 73 1 88 82 0 
31 27 100 14 64 49 11 89 61 93 38 10 39 91 5 48 0 
65 59 45 16 17 68 39 90 67 32 62 28 96 48 39 92 11 0 
97 78 21 98 74 86 73 71 28 17 39 78 47 86 80 37 58 51 0 
96 9 67 50 38 65 36 49 69 68 83 48 8 85 64 95 86 74 43 0 
14 75 23 9 88 1 14 67 18 57 81 98 42 52 32 29 67 97 39 63 0 
99 27 31 49 11 86 17 72 85 39 41 43 27 32 6 22 48 97 9 50 92 0 
78 5 97 94 51 27 74 52 81 71 47 52 52 64 67 46 65 21 39 39 59 37 0 
30 40 31 81 4 64 29 20 63 98 70 95 8 77 40 13 31 41 5 85 10 95 52 0 
53 77 57 16 8 2 17 85 5 6 47 28 100 12 57 85 79 85 13 99 32 83 7 6 0 
55 34 75 16 1 100 94 62 97 87 29 26 78 9 45 74 71 68 2 9 43 45 54 5 58 0 
16 69 87 11 64 1 14 10 3 19 44 29 42 41 81 24 49 21 14 64 29 33 12 63 39 25 0 
19 29 96 64 57 42 81 58 94 66 15 45 39 30 96 45 70 58 99 43 4 39 22 69 83 99 43 0 
100 88 51 47 46 11 94 97 67 5 73 13 9 67 5 15 27 65 68 11 1 9 55 48 19 25 13 78 0 
92 37 21 67 45 4 99 24 51 98 75 18 14 44 95 5 93 33 61 37 93 34 3 73 22 25 71 9 56 0 
