50
100
0 
5 0 
53 82 0 
37 75 75 0 
85 81 51 25 0 
54 3 81 84 26 0 
79 64 26 20 14 71 0 
93 97 83 50 52 1 2 0 
42 76 17 93 14 44 61 58 0 
73 77 42 36 83 8 2 86 36 0 
68 50 87 79 74 1 8 22 57 57 0 
29 57 40 43 67 31 42 48 73 92 33 0 
51 21 65 58 95 32 29 93 87 2 19 35 0 
39 83 92 43 30 45 7 74 39 17 71 53 98 0 
91 40 62 22 3 73 61 57 20 85 39 93 15 93 0 
25 74 32 11 92 89 59 96 56 44 63 8 13 21 47 0 
14 73 67 66 30 47 25 19 10 40 80 25 81 94 29 34 0 
39 60 66 93 51 10 84 44 93 87 83 55 93 4 28 83 50 0 
70 11 74 5 40 49 38 90 55 66 66 83 98 65 21 65 20 82 0 
34 16 74 15 42 64 43 38 24 96 97 63 34 21 33 100 8 60 19 0 
82 58 24 15 40 57 66 39 98 9 16 57 23 62 10 6 51 90 3 81 0 
12 40 31 80 13 56 56 76 31 57 98 60 95 14 88 33 7 45 39 70 59 0 
70 52 25 37 37 6 91 100 9 7 21 84 60 23 15 50 64 68 86 70 84 72 0 
37 33 57 70 49 30 8 83 93 45 73 27 44 53 24 35 56 15 69 18 80 75 89 0 
65 37 65 23 87 76 53 48 91 9 63 85 76 30 17 4 73 19 9 90 80 39 91 21 0 
74 17 78 53 25 100 10 70 24 45 24 54 7 68 51 6 75 75 12 31 1 55 48 3 66 0 
62 5 99 12 45 68 51 72 3 4 39 78 98 82 78 15 8 65 34 30 69 6 60 76 31 71 0 
53 71 23 5 91 31 93 73 23 18 51 46 3 15 72 60 51 86 47 23 10 19 17 40 47 13 63 0 
29 71 65 85 6 19 35 100 5 82 78 26 39 30 5 100 16 8 71 77 82 7 39 44 100 77 34 55 0 
45 54 80 46 50 24 95 63 70 81 69 22 65 37 29 27 34 15 100 100 44 26 66 18 80 96 2 67 40 0 
34 71 2 100 85 27 68 6 40 73 71 82 94 54 57 41 98 98 96 74 86 80 22 87 19 96 98 6 28 18 0 
32 16 24 49 9 67 96 24 59 5 74 96 78 4 95 75 12 71 42 72 34 41 57 55 54 69 24 55 23 59 63 0 
1 23 20 49 18 30 35 34 85 66 19 3 34 3 60 48 12 4 3 93 69 21 25 34 7 61 7 82 40 2 22 73 0 
38 4 43 61 48 19 63 44 1 52 100 76 63 52 30 97 38 43 38 77 9 66 47 25 58 26 34 97 9 88 57 51 22 0 
21 43 98 38 8 97 93 61 39 15 61 33 55 34 23 79 94 99 92 61 26 74 36 73 97 15 94 21 51 42 97 100 49 6 0 
86 56 22 74 91 91 73 15 60 37 73 67 40 39 22 89 28 35 37 84 97 90 65 55 24 12 19 54 56 56 15 90 30 60 77 0 
44 7 75 96 73 98 19 59 58 2 45 92 75 80 57 31 31 2 92 65 70 26 68 33 97 58 10 59 84 98 45 86 52 17 3 32 0 
99 6 23 9 21 19 90 81 37 79 85 88 67 74 53 65 8 54 45 52 62 99 53 97 52 86 89 54 40 90 85 72 75 77 48 49 34 0 
30 52 4 75 42 44 74 82 78 21 71 18 46 29 90 42 4 78 67 80 62 86 38 53 9 65 66 7 62 39 65 67 35 11 12 68 24 61 0 
85 34 92 88 87 41 31 68 55 97 81 18 79 10 34 62 44 68 59 31 73 47 9 21 73 64 78 8 2 9 85 20 39 96 94 8 89 76 46 0 
23 34 17 97 3 26 91 18 72 50 95 26 85 28 34 76 67 90 86 11 93 12 31 13 76 43 1 77 45 82 78 100 2 73 1 60 36 83 75 29 0 
97 1 43 53 68 44 33 3 34 77 85 55 29 31 54 14 37 39 5 17 92 47 88 72 15 62 92 13 16 18 75 28 76 3 39 64 71 60 73 80 5 0 
65 90 83 30 5 23 25 15 28 88 13 13 89 69 80 8 10 66 77 36 35 20 94 25 58 40 45 93 83 84 54 97 68 89 13 32 52 7 79 93 75 41 0 
73 7 81 54 97 9 20 62 58 3 65 12 38 26 60 34 47 88 25 87 10 5 77 2 72 91 12 71 41 21 36 41 37 42 89 14 81 84 73 18 100 44 14 0 
35 36 34 95 49 41 39 29 72 94 56 7 79 30 21 66 47 99 3 42 79 91 52 80 68 65 1 84 88 26 28 42 18 52 8 4 23 27 37 25 40 42 78 75 0 
55 82 44 3 7 96 85 24 99 72 51 5 55 13 94 81 60 78 54 90 21 54 93 7 30 100 30 54 88 34 41 18 38 27 50 74 90 67 12 4 53 65 85 92 86 0 
49 80 64 17 40 98 30 57 65 46 27 19 3 47 6 11 13 62 86 92 3 66 96 89 84 16 77 11 51 28 29 49 9 74 98 65 93 95 96 67 18 22 84 79 18 24 0 
49 60 52 12 30 87 15 99 33 85 87 84 59 75 1 99 74 8 62 27 69 21 56 74 91 40 64 49 41 61 83 38 20 96 27 82 12 42 25 70 34 67 6 93 20 55 22 0 
94 41 61 48 10 5 21 67 43 11 86 59 99 68 74 15 10 62 67 52 65 27 83 84 54 15 24 84 94 26 91 32 89 100 90 99 97 50 100 16 47 53 16 14 86 42 34 16 0 
18 90 38 73 80 46 67 46 72 63 44 2 100 63 78 76 84 95 80 59 81 68 50 92 37 73 90 12 10 90 19 45 51 74 100 13 94 8 18 42 68 86 76 94 57 70 13 51 35 0 
