100
0.091983 0.191534
0.300119 0.706626
0.061556 0.518021
0.605152 0.843410
0.428510 0.922819
0.050752 0.820978
0.824366 0.159215
0.470016 0.258187
0.411328 0.092441
0.255318 0.050325
0.273354 0.629872
0.850124 0.763634
0.969085 0.321665
0.261818 0.371410
0.340861 0.849879
0.440260 0.300760
0.173345 0.124973
0.864925 0.258797
0.795404 0.208716
0.184820 0.806574
0.219092 0.781549
0.255196 0.149937
0.909757 0.374157
0.414136 0.116276
0.780236 0.081057
0.343303 0.784875
0.503983 0.975707
0.356456 0.740898
0.739952 0.945036
0.459243 0.421003
0.363353 0.163244
0.024506 0.519364
0.296274 0.922636
0.426466 0.923185
0.031312 0.040651
0.477401 0.146001
0.442579 0.562059
0.011231 0.728263
0.977447 0.974425
0.457076 0.572771
0.822901 0.656453
0.746788 0.685171
0.140385 0.777154
0.400281 0.286721
0.962615 0.365032
0.132481 0.769646
0.846034 0.766167
0.825190 0.462264
0.873623 0.209235
0.208136 0.674093
0.100131 0.697256
0.092990 0.988495
0.035157 0.943785
0.503250 0.272408
0.256630 0.573107
0.544908 0.371593
0.749077 0.302683
0.360973 0.959990
0.060305 0.326884
0.013611 0.512223
0.870174 0.620502
0.637745 0.868191
0.065004 0.381024
0.710135 0.357677
0.911985 0.328318
0.777154 0.954649
0.426496 0.080569
0.485488 0.429426
0.526963 0.324900
0.259255 0.967803
0.070345 0.001923
0.467421 0.225379
0.362194 0.222663
0.424970 0.286752
0.235145 0.136479
0.072146 0.497208
0.289590 0.469008
0.675008 0.636372
0.390179 0.949004
0.391064 0.402661
0.011658 0.342143
0.044282 0.676748
0.528611 0.311472
0.952452 0.533067
0.041688 0.822382
0.151128 0.468368
0.835353 0.311502
0.858150 0.815546
0.059481 0.338054
0.521439 0.811823
0.730064 0.936094
0.295358 0.290231
0.641560 0.386883
0.287912 0.462569
0.285134 0.629994
0.423414 0.762993
0.366802 0.031678
0.264229 0.220985
0.018555 0.729545
0.635243 0.332377
7.463700
La solution : 46, 11, 41, 77, 40, 60, 83, 47, 22, 44, 12, 64, 86, 17, 48, 6, 24, 18, 56, 63, 92, 99, 55, 68, 82, 53, 7, 71, 35, 23, 8, 66, 96, 9, 21, 74, 16, 70, 34, 0, 58, 88, 80, 62, 59, 31, 2, 75, 85, 76, 93, 13, 91, 97, 30, 72, 43, 73, 15, 79, 29, 67, 39, 36, 54, 10, 94, 1, 49, 20, 19, 42, 45, 50, 81, 37, 98, 5, 84, 52, 51, 69, 32, 57, 78, 26, 4, 33, 14, 25, 27, 95, 89, 3, 61, 90, 28, 65, 38, 87
